--- # gcstate
btcbal: 0.01623574
gcbal: 0
ccbal: 0
burbal: 0.00055
