--- # gcstate
btcbal: 0.00738057
gcsupply: 0.2417420065
gcbal: 0
ccbal: 49.314454124
burbal: 18.11277517
